0 2283
1 1902
2 1692
3 1536
4 1412
5 1310
6 1210
7 1127
8 1063
9 1001
10 938
11 886
12 842
13 779
14 733
15 697
16 661
17 618
18 585
19 537
20 511
21 480
22 450
23 428
24 405
25 383
26 363
27 335
28 321
29 308
30 295
31 282
32 269
33 253
34 244
35 234
36 219
37 212
38 202
39 195
40 190
41 183
42 180
43 175
44 169
45 162
46 152
47 145
48 139
49 133
50 131
51 127
52 124
53 121
54 116
55 111
56 109
57 107
58 105
59 103
60 102
61 102
62 100
63 96
64 95
65 95
66 95
67 95
68 94
69 93
70 91
71 88
72 87
73 87
74 85
75 83
76 83
77 83
78 83
79 82
80 82
81 82
82 80
83 80
84 80
85 80
86 80
87 79
88 78
89 78
90 77
91 76
92 76
93 76
94 76
95 76
96 75
97 75
98 74
99 73
